tables/BooI_final_catalog.ecsv
# %ECSV 1.0
# ---
# datatype:
# - {name: gaia_id, datatype: int64}
# - {name: alt_id, datatype: string}
# - {name: RA, unit: deg, datatype: float64}
# - {name: Dec, unit: deg, datatype: float64}
# - {name: pmra, unit: mas / yr, datatype: float64}
# - {name: pmra_err, unit: mas / yr, datatype: float64}
# - {name: pmdec, unit: mas / yr, datatype: float64}
# - {name: pmdec_err, unit: mas / yr, datatype: float64}
# - {name: pmra_pmdec_corr, unit: '', datatype: float64}
# - {name: vel_avg, unit: km / s, datatype: float64}
# - {name: vel_err_avg, unit: km / s, datatype: float64}
# - {name: vel_s5, unit: km / s, datatype: float64}
# - {name: vel_err_s5, unit: km / s, datatype: float64}
# - {name: vel_q_s5, datatype: bool}
# - {name: vel_aat, unit: km / s, datatype: float64}
# - {name: vel_err_aat, unit: km / s, datatype: float64}
# - {name: vel_q_aat, datatype: bool}
# - {name: vel_mmt, unit: km / s, datatype: float64}
# - {name: vel_err_mmt, unit: km / s, datatype: float64}
# - {name: vel_q_mmt, datatype: bool}
# - {name: vel_vlt, unit: km / s, datatype: float64}
# - {name: vel_err_vlt, unit: km / s, datatype: float64}
# - {name: vel_q_vlt, datatype: bool}
# - {name: feh_avg, unit: dex, datatype: float64}
# - {name: feh_err_avg, unit: dex, datatype: float64}
# - {name: feh_s5, unit: dex, datatype: float64}
# - {name: feh_err_s5, unit: dex, datatype: float64}
# - {name: feh_q_s5, datatype: bool}
# - {name: feh_aat, unit: dex, datatype: float64}
# - {name: feh_err_aat, unit: dex, datatype: float64}
# - {name: feh_q_aat, datatype: bool}
# - {name: feh_mmt, unit: dex, datatype: float64}
# - {name: feh_err_mmt, unit: dex, datatype: float64}
# - {name: feh_q_mmt, datatype: bool}
# - {name: feh_vlt, unit: dex, datatype: float64}
# - {name: feh_err_vlt, unit: dex, datatype: float64}
# - {name: feh_q_vlt, datatype: bool}
# - {name: vel_persp_rot, unit: km / s, datatype: float64}
# - {name: log10_pval, unit: '', datatype: float64}
# - {name: binary, datatype: bool}
# - {name: mem_p_s5, unit: '', datatype: float64}
# - {name: mem_p_aat, unit: '', datatype: float64}
# - {name: mem_p_mmt, unit: '', datatype: float64}
# - {name: mem_p_vlt, unit: '', datatype: float64}
# - {name: member, datatype: bool}
# schema: astropy-2.0
gaia_id alt_id RA Dec pmra pmra_err pmdec pmdec_err pmra_pmdec_corr vel_avg vel_err_avg vel_s5 vel_err_s5 vel_q_s5 vel_aat vel_err_aat vel_q_aat vel_mmt vel_err_mmt vel_q_mmt vel_vlt vel_err_vlt vel_q_vlt feh_avg feh_err_avg feh_s5 feh_err_s5 feh_q_s5 feh_aat feh_err_aat feh_q_aat feh_mmt feh_err_mmt feh_q_mmt feh_vlt feh_err_vlt feh_q_vlt vel_persp_rot log10_pval binary mem_p_s5 mem_p_aat mem_p_mmt mem_p_vlt member
1230661065502765568 "" 210.081 13.9939 -0.27 0.15 -1.21 0.11 -0.16 103.8 0.8 104.2 1.2 True 103.5 1.3 True 103.2 2.3 True "" "" "" -2.78 0.09 -2.7 0.14 True -2.82 0.12 True -3.28 0.5 True "" "" "" 2.9 -0.0 False 1.0 1.0 1.0 "" True
1230767271451373568 "" 210.0244 14.0591 -0.38 0.19 -0.88 0.14 -0.15 102.9 0.6 103.5 1.2 True 103.2 1.3 True 102.5 0.8 True "" "" "" -2.54 0.08 -2.44 0.12 True -2.62 0.11 True -2.74 0.47 True "" "" "" 2.7 -0.0 False 1.0 1.0 1.0 "" True
1230775345989954048 "" 210.0879 14.2911 -0.5 0.14 -1.08 0.12 -0.22 106.6 0.3 107.8 1.1 True 106.7 1.2 True 106.5 0.3 True "" "" "" -2.44 0.09 -2.51 0.14 True -2.33 0.15 True -2.51 0.17 True "" "" "" 1.2 -0.0 False 1.0 1.0 1.0 "" True
1230823247760125184 "" 209.9533 14.3286 -0.34 0.08 -1.14 0.06 -0.05 105.7 0.3 105.7 0.8 True 106.3 0.8 True 105.6 0.3 True "" "" "" -2.85 0.04 -2.91 0.07 True -2.77 0.07 True -2.9 0.08 True "" "" "" 1.2 -0.0 False 1.0 1.0 1.0 "" True
1230826335841709056 "" 209.898 14.3399 -0.37 0.1 -1.05 0.09 -0.24 109.7 0.2 110.1 0.9 True 109.2 0.8 True 109.8 0.3 True "" "" "" -2.2 0.04 -2.2 0.09 True -2.28 0.06 True -2.1 0.06 True "" "" "" 1.3 -0.0 False 1.0 1.0 1.0 "" True
1230828947181261824 "" 210.0773 14.3804 -0.59 0.25 -1.14 0.22 -0.09 103.6 0.7 101.7 1.9 True 102.8 2.1 True 104.0 0.8 True "" "" "" -2.52 0.12 -2.21 0.18 True -2.43 0.21 True -3.16 0.24 True "" "" "" 0.7 -0.0 False 1.0 1.0 1.0 "" True
1230830222787068928 "" 210.0488 14.4171 -0.29 0.12 -1.07 0.1 -0.23 102.7 0.2 101.4 0.9 True 103.0 0.8 True 102.8 0.3 True "" "" "" -2.58 0.07 -2.53 0.1 True -2.57 0.1 True -2.9 0.26 True "" "" "" 0.5 -0.0 False 1.0 1.0 1.0 "" True
1230835578610843648 "" 210.0437 14.5293 -0.27 0.1 -1.17 0.07 -0.1 100.2 0.2 100.9 0.9 True 98.8 0.8 True 100.3 0.2 True "" "" "" -2.49 0.05 -2.43 0.1 True -2.56 0.08 True -2.45 0.11 True "" "" "" -0.1 -0.0 False 1.0 1.0 1.0 "" True
1230837163454204672 "" 210.0607 14.598 -0.4 0.09 -1.08 0.06 -0.05 101.6 0.3 101.1 0.9 True 101.0 0.7 True 101.8 0.3 True "" "" "" -2.07 0.04 -1.98 0.11 True -2.05 0.05 True -2.14 0.07 True "" "" "" -0.6 -0.0 False 1.0 1.0 1.0 "" True
1230841110529260032 "" 209.7597 14.5064 -0.43 0.12 -0.99 0.09 -0.14 105.5 0.4 103.6 1.2 True 107.9 1.3 True 105.5 0.4 True "" "" "" -2.83 0.08 -2.56 0.15 True -2.47 0.22 True -3.03 0.1 True "" "" "" 0.6 -0.1 False 1.0 1.0 1.0 "" True
1230873275539233792 "" 210.1333 14.7173 -0.37 0.09 -1.05 0.07 -0.06 101.2 0.3 100.6 0.9 True 101.0 0.8 True 101.3 0.3 True "" "" "" -2.17 0.05 -2.11 0.12 True -2.24 0.07 True -2.05 0.11 True "" "" "" -1.4 -0.0 False 1.0 1.0 1.0 "" True
1231041977559028480 "" 209.8353 14.7491 -0.19 0.26 -1.28 0.21 -0.04 104.1 1.0 102.8 3.5 True 105.9 2.1 True 103.5 1.3 True "" "" "" -2.76 0.17 -2.6 0.26 True -2.9 0.26 True -2.82 0.57 True "" "" "" -1.0 -0.1 False 1.0 1.0 1.0 "" True
1231066647851185152 "" 209.9231 14.8495 -0.49 0.21 -1.18 0.17 -0.02 107.9 0.7 108.6 3.8 True 106.6 1.4 True 108.4 0.9 True "" "" "" -2.78 0.17 -2.36 0.25 True -3.06 0.31 True -3.24 0.36 True "" "" "" -1.8 -0.1 False 1.0 1.0 1.0 "" True
1229895702327886336 "" 210.0712 13.6591 -0.43 0.27 -0.99 0.18 -0.11 101.1 1.3 101.9 2.6 True 100.8 1.6 True "" "" "" "" "" "" -2.67 0.14 -2.97 0.26 True -2.55 0.17 True "" "" "" "" "" "" 4.9 -0.2 False 1.0 1.0 "" "" True
1230717346751479808 "" 209.6707 14.0353 -0.18 0.19 -1.22 0.16 -0.05 109.0 1.7 108.8 2.0 True 109.4 3.0 True "" "" "" "" "" "" -2.82 0.18 -2.71 0.26 True -2.94 0.26 True "" "" "" "" "" "" 3.5 -0.1 False 1.0 1.0 "" "" True
1230877531851510272 "" 210.0096 14.7715 -0.13 0.25 -0.95 0.19 0.04 105.4 1.9 104.9 3.7 True 105.6 2.2 True "" "" "" "" "" "" -2.98 0.2 -3.0 0.29 True -2.96 0.27 True "" "" "" "" "" "" -1.5 -0.1 False 1.0 1.0 "" "" True
1231264907837100800 "" 210.3856 15.1141 -0.4 0.06 -1.02 0.04 -0.07 102.4 0.5 101.8 0.7 True 103.0 0.7 True "" "" "" "" "" "" -2.35 0.02 -2.34 0.03 True -2.41 0.06 True "" "" "" "" "" "" -4.3 -0.5 False 1.0 1.0 "" "" True
1230724631016060160 "" 209.7218 14.1161 -0.68 0.18 -1.21 0.15 -0.13 103.6 0.6 104.3 1.4 True 103.5 1.2 True 103.3 0.9 True "" "" "" -2.42 0.08 -2.54 0.17 True -2.39 0.1 True -2.21 0.55 True "" "" "" 2.9 -0.0 False 1.0 0.999 1.0 "" True
1230831047420766464 "" 210.1076 14.4354 -0.38 0.12 -0.91 0.09 -0.02 107.4 0.3 108.3 0.9 True 107.0 0.9 True 107.4 0.3 True "" "" "" -1.95 0.03 -2.03 0.05 True -1.92 0.06 True -1.82 0.06 True "" "" "" 0.3 -0.0 False 1.0 0.999 1.0 "" True
1230877566211251712 "" 210.0422 14.7793 -0.27 0.26 -1.02 0.2 0.0 108.3 1.2 102.9 3.8 True 111.5 2.4 True 107.8 1.5 True "" "" "" -2.56 0.19 -2.28 0.29 True -2.71 0.3 True -3.14 0.58 True "" "" "" -1.6 -0.4 False 1.0 0.999 1.0 "" True
1231031497839177728 "" 209.5927 14.5406 -0.25 0.25 -0.8 0.26 -0.34 106.5 1.0 107.4 2.6 True 107.9 2.8 True 106.1 1.1 True "" "" "" -2.62 0.14 -2.48 0.17 True -2.89 0.23 True -2.5 0.62 True "" "" "" 0.7 -0.1 False 1.0 0.999 1.0 "" True
1230835170589373952 "" 210.0446 14.4901 -0.07 0.32 -0.99 0.22 -0.23 104.4 1.1 106.4 2.9 True 104.6 2.1 True 103.8 1.5 True "" "" "" -2.85 0.15 -2.52 0.28 True -3.08 0.19 True -1.25 0.85 True "" "" "" 0.1 -0.0 False 1.0 0.999 0.998 "" True
1230769470474643456 "" 210.1189 14.1293 -0.43 0.29 -0.83 0.29 -0.21 94.1 1.1 94.8 3.1 True 94.2 2.6 True 94.0 1.3 True "" "" "" -2.69 0.18 -2.56 0.27 True -2.77 0.28 True -2.89 0.47 True "" "" "" 2.0 -0.0 False 1.0 0.998 1.0 "" True
1230672610372100096 "" 209.9968 13.9915 -0.57 0.34 -1.5 0.25 -0.18 102.8 2.3 103.7 3.1 True 101.9 3.4 True "" "" "" "" "" "" -2.66 0.18 -2.4 0.25 True -2.93 0.25 True "" "" "" "" "" "" 3.1 -0.0 False 1.0 0.998 "" "" True
1230848914484728064 "" 210.0045 14.6143 -0.32 0.08 -0.85 0.07 -0.16 101.9 0.4 101.7 0.8 True 101.8 0.8 True 102.0 0.5 True "" "" "" -2.34 0.06 -2.33 0.07 True -2.34 0.22 True -2.51 0.38 True "" "" "" -0.6 -0.0 False 1.0 0.993 1.0 "" True
1230832417514897920 "" 210.1378 14.4999 -0.06 0.3 -1.02 0.2 0.11 94.6 2.3 96.9 2.7 True 89.7 4.0 True 22.9 0.9 False "" "" "" -2.86 0.22 -2.95 0.35 True -2.8 0.29 True -2.46 0.64 False "" "" "" -0.2 -0.0 False 1.0 0.993 0.997 "" True
1230773937240652800 "" 210.0614 14.2205 -0.26 0.19 -1.03 0.18 -0.25 "" "" 105.2 1.8 False 112.2 1.9 False 107.3 0.8 False "" "" "" "" "" -3.0 0.19 False -2.72 0.19 False -2.89 0.31 False "" "" "" 1.6 -0.3 False 1.0 0.992 1.0 "" True
1230831597176581120 "" 210.1558 14.4828 -0.5 0.07 -1.12 0.04 0.02 "" "" 107.4 0.7 False 107.5 0.7 False 106.5 0.5 False "" "" "" "" "" -2.29 0.04 False -2.14 0.03 False -2.27 0.07 False "" "" "" -0.1 -0.1 False 1.0 0.991 1.0 "" True
1230649834160653312 "" 209.8028 13.7155 -0.31 0.13 -1.19 0.1 0.01 101.8 1.5 101.8 1.5 True 100.5 2.5 False "" "" "" "" "" "" -3.18 0.14 -3.18 0.14 True -3.08 0.75 False "" "" "" "" "" "" 5.1 -0.2 False 1.0 0.983 "" "" True
1230887118218565632 "" 210.0679 14.9441 -0.36 0.32 -0.93 0.23 -0.04 98.1 2.1 100.3 4.0 True 97.3 2.5 True "" "" "" "" "" "" -1.76 0.2 -2.73 0.35 True -1.24 0.25 True "" "" "" "" "" "" -2.6 -0.5 False 1.0 0.959 "" "" True
1230777927264712704 "" 210.327 14.2569 -0.46 0.11 -1.18 0.09 -0.09 107.2 0.5 107.4 0.9 True "" "" "" 107.1 0.6 True "" "" "" -2.29 0.09 -2.32 0.11 True "" "" "" -2.22 0.16 True "" "" "" 0.9 -0.2 False 1.0 "" 1.0 "" True
1230833585745988096 "" 210.041 14.473 -0.38 0.12 -1.22 0.1 -0.22 "" "" 88.2 1.2 False "" "" "" 92.9 0.7 False "" "" "" "" "" -2.6 0.11 False "" "" "" -3.43 0.17 False "" "" "" 0.2 -0.3 False 1.0 "" 1.0 "" True
1230848704030941184 "" 209.9642 14.6038 -0.38 0.21 -1.24 0.19 -0.24 101.3 1.5 99.9 1.9 True "" "" "" 103.8 2.6 True "" "" "" -2.64 0.17 -2.62 0.18 True "" "" "" -2.97 0.7 True "" "" "" -0.4 -0.6 False 1.0 "" 1.0 "" True
1230830184131867392 "" 210.0667 14.4247 -0.3 0.33 -0.82 0.26 -0.1 102.0 0.9 105.4 3.0 True "" "" "" 101.6 1.0 True "" "" "" -2.35 0.26 -2.59 0.31 True "" "" "" -1.75 0.49 True "" "" "" 0.4 -0.3 False 1.0 "" 0.999 "" True
1230884472518714368 "" 210.3744 14.9607 -0.51 0.47 -0.93 0.33 -0.16 100.4 4.8 100.4 4.8 True "" "" "" "" "" "" "" "" "" -2.87 0.47 -2.87 0.47 True "" "" "" "" "" "" "" "" "" -3.4 "" False 1.0 "" "" "" True
1231095269513901568 "" 210.03 15.2386 -0.21 0.47 -1.03 0.38 -0.15 99.1 6.7 99.1 6.7 True "" "" "" "" "" "" "" "" "" -2.9 0.39 -2.9 0.39 True "" "" "" "" "" "" "" "" "" -4.3 "" False 1.0 "" "" "" True
1231265251434486272 "" 210.2947 15.1006 -0.4 0.06 -1.14 0.04 -0.1 100.8 0.7 100.8 0.7 True "" "" "" "" "" "" "" "" "" -2.89 0.03 -2.89 0.03 True "" "" "" "" "" "" "" "" "" -4.0 "" False 1.0 "" "" "" True
1231271431892634624 "" 210.6989 15.256 -0.26 0.34 -1.42 0.32 -0.03 105.2 6.9 105.2 6.9 True "" "" "" "" "" "" "" "" "" -2.84 0.42 -2.84 0.42 True "" "" "" "" "" "" "" "" "" -5.8 "" False 1.0 "" "" "" True
1231035483568837120 "" 209.4233 14.5866 -0.28 0.45 -1.57 0.35 -0.08 105.2 7.1 105.2 7.1 True 89.2 18.5 False "" "" "" "" "" "" -2.6 0.39 -2.6 0.39 True -2.82 0.51 False "" "" "" "" "" "" 0.8 "" False 0.999 0.801 "" "" True
1230834547819224576 "" 209.961 14.4864 -0.53 0.2 -0.74 0.16 -0.23 "" "" 88.4 2.1 False 90.6 2.9 False 99.0 1.2 False "" "" "" "" "" -2.53 0.2 False -3.69 0.2 False -2.81 0.45 False "" "" "" 0.3 -2.8 True 0.999 0.66 1.0 "" True
1230846745526362624 "" 209.9279 14.544 -0.31 0.23 -1.2 0.18 -0.19 102.2 0.6 99.2 2.4 True "" "" "" 102.4 0.6 True "" "" "" -2.04 0.15 -1.97 0.16 True "" "" "" -2.35 0.33 True "" "" "" 0.0 -0.0 False 0.999 "" 1.0 "" True
1230830493370084864 "" 210.0234 14.4386 0.3 0.51 -1.13 0.43 -0.24 111.6 7.0 111.6 7.0 True "" "" "" "" "" "" "" "" "" -2.66 0.4 -2.66 0.4 True "" "" "" "" "" "" "" "" "" 0.4 -0.3 False 0.999 "" "" "" True
1230829668736348160 "" 210.0017 14.3874 -0.3 0.31 -1.16 0.25 -0.32 104.1 1.3 107.9 2.5 True 100.6 3.1 True 103.2 1.8 True "" "" "" -2.02 0.14 -1.83 0.2 True -2.2 0.21 True -2.47 0.88 True "" "" "" 0.8 -0.5 False 0.998 1.0 1.0 "" True
1230823724501603328 "" 210.0064 14.3651 0.04 0.39 -1.36 0.31 -0.2 102.8 1.3 105.3 4.1 True 103.2 3.3 True 102.4 1.5 True "" "" "" -2.04 0.18 -2.06 0.28 True -1.96 0.26 True -2.4 0.6 True "" "" "" 0.9 -0.0 False 0.998 0.998 1.0 "" True
1230834410380273664 "" 209.9258 14.4951 -0.31 0.27 -1.47 0.22 -0.29 "" "" 84.2 3.5 False 88.0 4.0 False 97.3 1.3 False "" "" "" "" "" -2.72 0.29 False -2.21 0.56 False -2.86 0.5 False "" "" "" 0.3 -0.4 False 0.998 0.847 1.0 "" True
1230826542000661504 "" 209.9051 14.3626 0.22 0.49 -1.63 0.39 -0.16 101.8 5.0 101.8 5.0 True 112.6 7.7 False "" "" "" "" "" "" -2.33 0.32 -2.33 0.32 True -2.67 0.62 False "" "" "" "" "" "" 1.1 -0.6 False 0.998 0.664 "" "" True
1230835956567981568 "" 210.0935 14.5575 -0.13 0.27 -1.15 0.19 -0.05 99.4 1.4 102.0 5.0 True "" "" "" 99.2 1.4 True "" "" "" "" "" -1.51 0.34 False "" "" "" -2.64 0.52 False "" "" "" -0.4 -0.0 False 0.998 "" 0.999 "" True
1230829118979954432 "" 210.0894 14.3828 -0.81 0.52 -0.99 0.42 -0.1 108.7 5.2 108.7 5.2 True "" "" "" "" "" "" "" "" "" -2.16 0.3 -2.16 0.3 True "" "" "" "" "" "" "" "" "" 0.6 "" False 0.998 "" "" "" True
1230834620833562624 "" 209.9621 14.5008 -0.54 0.06 -1.03 0.05 -0.24 "" "" 109.3 0.7 False 106.4 0.7 False 104.1 0.4 False "" "" "" "" "" -2.06 0.05 False -2.16 0.04 False -2.15 0.06 False "" "" "" 0.2 -3.6 True 0.997 0.983 1.0 "" True
1230863513078248960 "" 210.2179 14.7542 -0.14 0.28 -0.98 0.22 -0.1 102.4 2.0 100.4 4.9 True "" "" "" 102.8 2.1 True "" "" "" "" "" -2.25 0.24 False "" "" "" -2.17 0.86 False "" "" "" -1.8 -0.2 False 0.997 "" 0.999 "" True
1231068778154976256 "" 210.0265 14.9169 -1.15 0.4 -0.94 0.27 0.21 102.2 2.7 105.7 6.1 True 101.4 3.0 True "" "" "" "" "" "" -2.99 0.26 -2.36 0.4 True -3.48 0.35 True "" "" "" "" "" "" -2.4 -0.3 False 0.996 0.993 "" "" True
1230774624435416832 "" 210.0126 14.21 -0.48 0.33 -1.35 0.27 -0.16 105.6 1.1 110.1 3.3 True 108.8 2.8 True 104.2 1.3 True "" "" "" -2.18 0.15 -1.93 0.23 True -2.34 0.2 True -2.31 0.64 True "" "" "" 1.8 -0.2 False 0.995 0.999 1.0 "" True
1230820151088760832 "" 209.8982 14.2277 -0.14 0.36 -0.73 0.31 -0.14 110.0 2.5 112.5 4.5 True 109.0 2.9 True "" "" "" "" "" "" -2.19 0.17 -2.02 0.23 True -2.4 0.25 True "" "" "" "" "" "" 1.9 -0.3 False 0.994 0.998 "" "" True
1230819841851105536 "" 209.9033 14.1946 -0.51 0.29 -0.9 0.24 -0.07 "" "" 103.3 2.5 False 89.0 3.1 False 107.4 1.0 False "" "" "" "" "" -2.13 0.18 False -2.53 0.17 False -2.68 0.42 False "" "" "" 2.1 -4.2 True 0.993 0.984 1.0 "" True
1230744529599617280 "" 209.6409 14.3524 -0.36 0.11 -1.0 0.08 -0.26 99.4 0.6 98.4 1.6 False 99.3 0.8 True 99.4 0.8 True "" "" "" -3.32 0.07 -3.49 0.82 False -3.11 0.08 True -3.86 0.13 True "" "" "" 1.7 -0.0 False 0.989 1.0 1.0 "" True
1230849081988080640 "" 210.0442 14.64 0.11 0.32 -1.19 0.24 -0.07 104.1 2.1 103.1 3.6 True 104.6 2.6 True 49.8 1.0 False "" "" "" -2.01 0.18 -1.72 0.23 True -2.47 0.29 True -2.7 0.5 False "" "" "" -0.8 -0.0 False 0.988 0.999 0.999 "" True
1230651341693932544 "" 209.9256 13.8031 -0.46 0.38 -0.81 0.27 0.0 93.6 8.9 93.6 8.9 True "" "" "" "" "" "" "" "" "" "" "" -2.56 0.5 False "" "" "" "" "" "" "" "" "" 4.4 "" False 0.987 "" "" "" True
1231097197954354176 "" 209.7866 15.2185 -0.42 0.39 -1.0 0.32 -0.03 115.4 5.5 115.4 5.5 True "" "" "" "" "" "" "" "" "" -1.98 0.21 -1.98 0.21 True "" "" "" "" "" "" "" "" "" -3.7 "" False 0.986 "" "" "" True
1230874164597130752 "" 210.0617 14.7285 -0.13 0.35 -1.15 0.24 0.04 94.4 2.8 97.0 4.3 True 92.5 3.7 True "" "" "" "" "" "" -2.19 0.26 -1.58 0.35 True -2.92 0.38 True "" "" "" "" "" "" -1.3 -0.4 False 0.981 0.996 "" "" True
1230836368884839424 "" 210.0538 14.5533 -0.67 0.25 -1.18 0.19 -0.17 "" "" 107.1 2.7 False 99.5 2.0 False 101.1 0.9 False "" "" "" "" "" -2.03 0.23 False -2.94 0.3 False -2.49 0.6 False "" "" "" -0.3 -0.2 False 0.979 0.97 0.998 "" True
1230839495621857024 "" 209.7876 14.4069 -0.94 0.61 -1.25 0.47 -0.23 "" "" 81.9 9.3 False 129.5 5.0 False "" "" "" "" "" "" "" "" -2.61 0.44 False -2.94 0.44 False "" "" "" "" "" "" 1.1 -5.1 True 0.976 0.897 "" "" True
1231067678643343360 "" 209.8923 14.8871 -0.24 0.44 -1.04 0.31 -0.05 102.1 5.8 102.1 5.8 True "" "" "" "" "" "" "" "" "" -1.58 0.31 -1.58 0.31 True "" "" "" "" "" "" "" "" "" -1.9 "" False 0.973 "" "" "" True
1230775449069163520 "" 210.0269 14.2751 -0.63 0.31 -1.51 0.29 -0.12 "" "" 113.9 4.4 False 96.7 2.9 False "" "" "" "" "" "" "" "" -2.28 0.3 False -2.1 0.23 False "" "" "" "" "" "" 1.4 -1.2 True 0.969 0.863 "" "" True
1230668693361894144 "" 209.7916 13.9368 0.08 0.45 -0.6 0.3 -0.03 104.5 6.1 101.3 9.9 True 106.5 7.7 True "" "" "" "" "" "" "" "" -2.28 0.48 False -2.66 0.29 False "" "" "" "" "" "" 3.8 -0.2 False 0.962 0.985 "" "" True
1230828122548139008 Boo1_7 209.914 14.444 0.19 0.47 -1.95 0.37 -0.24 101.7 1.0 101.0 6.5 True 97.5 17.3 False "" "" "" 101.2 1.0 True -2.34 0.1 -2.03 0.31 True -3.84 0.17 False "" "" "" -2.38 0.11 True 0.6 -0.0 False 0.961 0.333 "" 1.0 True
1230843309552514560 "" 209.5792 14.5022 -0.14 0.37 -1.43 0.32 -0.2 "" "" 95.7 4.7 False 85.9 3.3 False 126.4 2.2 False "" "" "" "" "" -2.13 0.26 False -2.24 0.27 False -2.57 0.93 False "" "" "" 1.0 -8.5 True 0.957 0.924 0.977 "" True
1230853553049414400 "" 209.912 14.7143 -0.64 0.26 -1.19 0.21 -0.16 113.4 0.9 116.0 3.7 True 122.0 4.8 True 112.9 1.0 True "" "" "" -2.06 0.15 -1.83 0.22 True -2.15 0.24 True -2.84 0.49 True "" "" "" -1.0 -0.2 False 0.956 0.957 1.0 "" True
1230847982476433408 "" 209.8983 14.5989 -0.5 0.23 -1.37 0.2 -0.21 94.1 1.3 93.5 3.1 True "" "" "" 94.3 1.4 True "" "" "" "" "" -2.61 0.23 False "" "" "" -1.88 0.5 False "" "" "" -0.3 -0.1 False 0.938 "" 0.969 "" True
1231098980365655040 "" 209.8764 15.2627 -0.28 0.34 -1.09 0.26 -0.01 "" "" 97.3 6.7 False "" "" "" "" "" "" "" "" "" "" "" -2.12 0.54 False "" "" "" "" "" "" "" "" "" -4.1 "" False 0.936 "" "" "" True
1230713292302089728 "" 209.157 14.1056 -0.06 0.33 -1.0 0.24 -0.09 "" "" 124.3 12.7 False "" "" "" "" "" "" "" "" "" "" "" -1.62 0.33 False "" "" "" "" "" "" "" "" "" 4.1 "" False 0.91 "" "" "" True
1230751981367787008 "" 210.3266 13.998 -0.26 0.41 -1.18 0.3 0.01 "" "" 117.3 5.8 False "" "" "" "" "" "" "" "" "" "" "" -3.06 0.52 False "" "" "" "" "" "" "" "" "" 2.4 "" False 0.909 "" "" "" True
