tables/BooI_final_catalog.ecsv
# %ECSV 1.0
# ---
# datatype:
# - {name: gaia_id, datatype: int64}
# - {name: alt_id, datatype: string}
# - {name: RA, unit: deg, datatype: float64}
# - {name: Dec, unit: deg, datatype: float64}
# - {name: pmra, unit: mas / yr, datatype: float64}
# - {name: pmra_err, unit: mas / yr, datatype: float64}
# - {name: pmdec, unit: mas / yr, datatype: float64}
# - {name: pmdec_err, unit: mas / yr, datatype: float64}
# - {name: pmra_pmdec_corr, unit: '', datatype: float64}
# - {name: vel_avg, unit: km / s, datatype: float64}
# - {name: vel_err_avg, unit: km / s, datatype: float64}
# - {name: vel_s5, unit: km / s, datatype: float64}
# - {name: vel_err_s5, unit: km / s, datatype: float64}
# - {name: vel_q_s5, datatype: bool}
# - {name: vel_aat, unit: km / s, datatype: float64}
# - {name: vel_err_aat, unit: km / s, datatype: float64}
# - {name: vel_q_aat, datatype: bool}
# - {name: vel_mmt, unit: km / s, datatype: float64}
# - {name: vel_err_mmt, unit: km / s, datatype: float64}
# - {name: vel_q_mmt, datatype: bool}
# - {name: vel_vlt, unit: km / s, datatype: float64}
# - {name: vel_err_vlt, unit: km / s, datatype: float64}
# - {name: vel_q_vlt, datatype: bool}
# - {name: feh_avg, unit: dex, datatype: float64}
# - {name: feh_err_avg, unit: dex, datatype: float64}
# - {name: feh_s5, unit: dex, datatype: float64}
# - {name: feh_err_s5, unit: dex, datatype: float64}
# - {name: feh_q_s5, datatype: bool}
# - {name: feh_aat, unit: dex, datatype: float64}
# - {name: feh_err_aat, unit: dex, datatype: float64}
# - {name: feh_q_aat, datatype: bool}
# - {name: feh_mmt, unit: dex, datatype: float64}
# - {name: feh_err_mmt, unit: dex, datatype: float64}
# - {name: feh_q_mmt, datatype: bool}
# - {name: feh_vlt, unit: dex, datatype: float64}
# - {name: feh_err_vlt, unit: dex, datatype: float64}
# - {name: feh_q_vlt, datatype: bool}
# - {name: vel_persp_rot, unit: km / s, datatype: float64}
# - {name: log10_pval, unit: '', datatype: float64}
# - {name: binary, datatype: bool}
# - {name: mem_p_s5, unit: '', datatype: float64}
# - {name: mem_p_aat, unit: '', datatype: float64}
# - {name: mem_p_mmt, unit: '', datatype: float64}
# - {name: mem_p_vlt, unit: '', datatype: float64}
# - {name: member, datatype: bool}
# schema: astropy-2.0
gaia_id alt_id RA Dec pmra pmra_err pmdec pmdec_err pmra_pmdec_corr vel_avg vel_err_avg vel_s5 vel_err_s5 vel_q_s5 vel_aat vel_err_aat vel_q_aat vel_mmt vel_err_mmt vel_q_mmt vel_vlt vel_err_vlt vel_q_vlt feh_avg feh_err_avg feh_s5 feh_err_s5 feh_q_s5 feh_aat feh_err_aat feh_q_aat feh_mmt feh_err_mmt feh_q_mmt feh_vlt feh_err_vlt feh_q_vlt vel_persp_rot log10_pval binary mem_p_s5 mem_p_aat mem_p_mmt mem_p_vlt member
[from data line 72]
1230833482666763264 "" 210.0235 14.4513 -0.31 0.35 -0.83 0.29 -0.26 "" "" 113.6 12.0 False "" "" "" "" "" "" "" "" "" "" "" -2.65 0.38 False "" "" "" "" "" "" "" "" "" 0.4 "" False 0.898 "" "" "" True
1230668281045015808 "" 209.6957 13.9059 -0.14 0.46 -1.08 0.31 0.0 "" "" 118.1 23.6 False 162.0 10.4 False "" "" "" "" "" "" "" "" -3.14 0.8 False -3.01 0.74 False "" "" "" "" "" "" 4.2 "" False 0.894 0.916 "" "" True
1230834925776358912 "" 209.9414 14.528 -0.55 0.41 -0.81 0.37 -0.35 "" "" 79.1 11.7 False "" "" "" "" "" "" "" "" "" "" "" -2.64 0.35 False "" "" "" "" "" "" "" "" "" 0.1 "" False 0.881 "" "" "" True
1230819704412148224 "" 209.8723 14.1787 -0.27 0.37 -1.42 0.35 -0.18 "" "" 88.2 11.6 False "" "" "" "" "" "" "" "" "" "" "" -2.28 0.54 False "" "" "" "" "" "" "" "" "" 2.3 "" False 0.867 "" "" "" True
1230850009701023232 "" 209.9639 14.6516 -0.65 0.36 -1.33 0.34 -0.07 "" "" 103.7 13.4 False "" "" "" "" "" "" "" "" "" "" "" -3.07 0.62 False "" "" "" "" "" "" "" "" "" -0.7 "" False 0.861 "" "" "" True
1230829771815569408 "" 210.0462 14.4054 -0.73 0.38 -0.79 0.29 -0.11 "" "" 114.3 7.0 False "" "" "" "" "" "" "" "" "" "" "" -2.36 0.43 False "" "" "" "" "" "" "" "" "" 0.6 "" False 0.848 "" "" "" True
1230772597210842624 "" 209.9557 14.1682 0.12 0.32 -1.28 0.28 -0.24 "" "" 98.7 8.6 False "" "" "" "" "" "" "" "" "" "" "" -2.34 0.4 False "" "" "" "" "" "" "" "" "" 2.2 "" False 0.814 "" "" "" True
1230877772369686272 "" 209.9758 14.7891 -0.5 0.37 -0.58 0.27 -0.01 "" "" 92.9 4.1 False 104.2 3.4 False 105.4 1.6 False "" "" "" "" "" -1.68 0.35 False -2.85 0.38 False -2.88 0.84 False "" "" "" -1.5 -0.9 False 0.492 0.899 0.984 "" True
1231039885910013440 "" 209.6783 14.6621 -0.7 0.31 -1.01 0.26 -0.13 "" "" -39.8 1.4 False "" "" "" 101.8 1.3 False "" "" "" "" "" -0.72 0.11 False "" "" "" -2.95 0.79 False "" "" "" -0.2 -999.0 True 0.0 "" 0.998 "" True
1230763423160123648 "" 210.3268 14.1668 -0.15 0.16 -1.03 0.11 0.07 104.2 0.6 "" "" "" 104.2 1.5 True 104.2 0.7 True "" "" "" -3.15 0.13 "" "" "" -3.21 0.15 True -2.88 0.32 True "" "" "" 1.4 -0.0 False "" 1.0 1.0 "" True
1230835892143883008 "" 210.1313 14.5677 -0.38 0.06 -1.09 0.04 -0.1 "" "" "" "" "" 96.1 0.7 False 96.3 0.3 False "" "" "" "" "" "" "" "" -2.93 0.03 False -2.89 0.04 False "" "" "" -0.5 -0.0 False "" 0.999 1.0 "" True
1230861043472371712 "" 210.1522 14.6576 -0.35 0.07 -1.03 0.06 -0.12 "" "" "" "" "" 106.5 0.7 False 105.0 0.3 False "" "" "" "" "" "" "" "" -2.59 0.04 False -2.4 0.08 False "" "" "" -1.1 -0.1 False "" 0.999 1.0 "" True
1230848326073809152 Boo1_43 209.9805 14.5813 0.03 0.35 -1.35 0.25 -0.15 100.1 0.6 "" "" "" 97.2 2.4 True 99.8 1.1 True 100.0 0.8 True -2.28 0.08 "" "" "" -2.35 0.26 True -1.71 0.59 True -2.29 0.08 True -0.3 -0.0 False "" 0.997 0.997 1.0 True
1230834826991993088 "" 209.9541 14.5017 -0.29 0.12 -1.0 0.09 -0.15 105.4 0.3 "" "" "" 106.4 1.1 True 105.4 0.3 True "" "" "" -2.06 0.15 "" "" "" -1.11 0.24 True -2.64 0.19 True "" "" "" 0.2 -0.0 False "" 0.996 1.0 "" True
1230848600951721472 "" 209.9655 14.5954 -0.81 0.24 -1.29 0.19 -0.2 98.8 0.9 "" "" "" 96.9 4.8 True 98.8 0.9 True "" "" "" -2.25 0.23 "" "" "" -2.11 0.24 True -3.14 0.62 True "" "" "" -0.4 -0.4 False "" 0.991 1.0 "" True
1230823312184726272 "" 209.9109 14.3211 -0.72 0.17 -1.11 0.14 -0.2 "" "" "" "" "" 102.4 1.8 False 104.8 0.6 False "" "" "" "" "" "" "" "" -2.5 0.16 False -2.91 0.28 False "" "" "" 1.4 -0.1 False "" 0.962 1.0 "" True
1230823174745775360 Boo1_28 209.9589 14.329 -0.04 0.44 -2.13 0.37 -0.13 103.7 1.6 "" "" "" 106.9 3.9 True "" "" "" 102.5 1.8 True -2.24 0.14 "" "" "" -2.56 0.28 True "" "" "" -2.13 0.16 True 1.2 -0.4 False "" 0.951 "" 0.999 True
1230874954871117824 "" 210.1153 14.7379 -0.34 0.47 -1.09 0.37 -0.11 "" "" "" "" "" 91.7 6.8 False "" "" "" "" "" "" "" "" "" "" "" -2.88 0.76 False "" "" "" "" "" "" -1.5 "" False "" 0.91 "" "" True
1230841144888992256 "" 209.7975 14.489 -0.17 0.45 -0.97 0.36 -0.24 "" "" "" "" "" 109.2 29.4 False "" "" "" "" "" "" "" "" "" "" "" -3.35 1.27 False "" "" "" "" "" "" 0.6 "" False "" 0.903 "" "" True
1230874542554264576 "" 210.057 14.7538 -0.58 0.48 -1.2 0.36 0.02 "" "" "" "" "" 99.6 5.3 False "" "" "" "" "" "" "" "" "" "" "" -2.17 0.74 False "" "" "" "" "" "" -1.5 "" False "" 0.898 "" "" True
1230857190886308352 "" 210.3315 14.5831 -0.64 0.65 -0.7 0.4 0.16 "" "" "" "" "" 101.7 4.2 False 11.4 1.5 False "" "" "" "" "" "" "" "" -3.27 0.31 False -1.35 1.11 False "" "" "" -1.0 -89.7 True "" 0.888 0.714 "" True
1231074516231323136 "" 209.8521 15.0477 -0.48 0.43 -1.45 0.35 -0.05 "" "" "" "" "" 113.7 4.9 False "" "" "" "" "" "" "" "" "" "" "" -2.21 0.57 False "" "" "" "" "" "" -2.8 "" False "" 0.861 "" "" True
1230801837347798528 "" 210.7364 14.5856 -0.46 0.62 -1.19 0.5 -0.16 "" "" "" "" "" -17.9 12.2 False "" "" "" "" "" "" "" "" "" "" "" -3.85 0.9 False "" "" "" "" "" "" -1.9 "" False "" 0.846 "" "" True
1230860111464091648 "" 210.1694 14.6289 0.16 0.37 -1.22 0.27 -0.05 "" "" "" "" "" 100.2 11.8 False "" "" "" "" "" "" "" "" "" "" "" -2.31 0.76 False "" "" "" "" "" "" -1.0 "" False "" 0.841 "" "" True
1230827297914411776 Boo1_21 209.9431 14.42 0.63 0.48 -2.03 0.38 -0.22 99.8 1.0 "" "" "" 151.2 25.3 False "" "" "" 99.3 1.0 True -2.62 0.1 "" "" "" -3.79 0.21 False "" "" "" -2.62 0.1 True 0.7 "" False "" 0.093 "" 1.0 True
1230849425585454592 "" 209.9357 14.6193 0.03 0.47 -1.17 0.44 -0.11 "" "" "" "" "" "" "" "" 93.6 2.0 False "" "" "" "" "" "" "" "" "" "" "" -3.18 0.58 False "" "" "" -0.4 -1.5 True "" "" 1.0 "" True
1230835028855032832 Boo1_25 209.9514 14.5343 -0.29 0.36 -1.32 0.29 -0.23 107.1 0.9 "" "" "" "" "" "" 104.7 2.8 True 106.8 0.9 True -2.32 0.08 "" "" "" "" "" "" -3.04 0.64 False -2.32 0.08 True 0.0 -0.5 False "" "" 0.999 1.0 True
1230860695583613952 "" 210.0898 14.6246 -0.5 0.34 -1.13 0.25 -0.08 "" "" "" "" "" "" "" "" 6.6 0.8 False "" "" "" "" "" "" "" "" "" "" "" -0.53 0.41 False "" "" "" -0.8 "" False "" "" 0.958 "" True
1230859630427736832 "" 210.1119 14.5925 -0.58 0.35 -0.78 0.25 -0.03 "" "" "" "" "" "" "" "" 7.7 0.9 False "" "" "" "" "" "" "" "" "" "" "" -0.49 0.37 False "" "" "" -0.7 "" False "" "" 0.915 "" True
1230848463512766976 "" 210.0031 14.5914 -0.52 0.48 -1.25 0.38 -0.24 "" "" "" "" "" "" "" "" 4.3 0.9 False "" "" "" "" "" "" "" "" "" "" "" -0.2 0.33 False "" "" "" -0.4 -166.9 True "" "" 0.908 "" True
1230825339409289728 "" 209.7765 14.3166 -0.97 0.51 -1.13 0.32 -0.19 "" "" "" "" "" "" "" "" 103.4 2.3 False "" "" "" "" "" "" "" "" "" "" "" -2.92 0.73 False "" "" "" 1.7 "" False "" "" 0.867 "" True
1230823724501603328 Boo1_55 210.0064 14.3651 0.04 0.39 -1.36 0.31 -0.2 104.3 0.8 "" "" "" "" "" "" "" "" "" 103.8 0.8 True -2.5 0.09 "" "" "" "" "" "" "" "" "" -2.5 0.09 True 0.9 "" False "" "" "" 1.0 True
1230830493370084864 Boo1_65 210.0234 14.4386 0.3 0.51 -1.13 0.43 -0.24 106.4 1.0 "" "" "" "" "" "" "" "" "" 105.9 1.0 True -2.6 0.11 "" "" "" "" "" "" "" "" "" -2.6 0.11 True 0.4 "" False "" "" "" 1.0 True
1230831524161686016 Boo1_112 210.1648 14.4744 -0.34 0.43 -1.31 0.29 0.12 106.8 3.9 "" "" "" "" "" "" "" "" "" 106.3 3.9 True "" "" "" "" "" "" "" "" "" "" "" "" "" False -0.1 "" False "" "" "" 1.0 True
1230832211356461312 Boo1_90 210.1062 14.4881 1.36 0.92 -1.6 0.7 -0.01 103.6 2.3 "" "" "" "" "" "" "" "" "" 103.1 2.3 True -2.42 0.14 "" "" "" "" "" "" "" "" "" -2.42 0.14 True -0.0 "" False "" "" "" 1.0 True
1230832417514897920 Boo1_108 210.1378 14.4999 -0.06 0.3 -1.02 0.2 0.11 98.1 0.8 "" "" "" "" "" "" "" "" "" 97.6 0.8 True -2.81 0.09 "" "" "" "" "" "" "" "" "" -2.81 0.09 True -0.2 "" False "" "" "" 1.0 True
1230833413947850752 Boo1_38 209.9713 14.4595 0.3 0.77 -1.12 0.71 -0.45 105.4 1.5 "" "" "" "" "" "" "" "" "" 104.9 1.5 True -2.56 0.15 "" "" "" "" "" "" "" "" "" -2.56 0.15 True 0.4 "" False "" "" "" 1.0 True
1230833723185498112 Boo1_48 209.991 14.4674 0.12 0.52 -1.41 0.46 -0.21 101.4 1.1 "" "" "" "" "" "" "" "" "" 100.9 1.1 True -2.41 0.15 "" "" "" "" "" "" "" "" "" -2.41 0.15 True 0.3 "" False "" "" "" 1.0 True
1230835170589373952 Boo1_69 210.0445 14.4901 -0.07 0.32 -0.99 0.22 -0.23 104.4 0.8 "" "" "" "" "" "" "" "" "" 103.9 0.8 True -2.28 0.08 "" "" "" "" "" "" "" "" "" -2.28 0.08 True 0.1 "" False "" "" "" 1.0 True
1230835956567981568 Boo1_86 210.0935 14.5575 -0.13 0.27 -1.15 0.19 -0.05 99.1 0.8 "" "" "" "" "" "" "" "" "" 98.6 0.8 True -2.44 0.08 "" "" "" "" "" "" "" "" "" -2.44 0.08 True -0.4 "" False "" "" "" 1.0 True
1230836643762759168 Boo1_63 210.0215 14.5744 0.51 0.83 -2.17 0.73 -0.33 105.2 1.7 "" "" "" "" "" "" "" "" "" 104.7 1.7 True -2.82 0.27 "" "" "" "" "" "" "" "" "" -2.82 0.27 True -0.4 "" False "" "" "" 1.0 True
1230836953000413696 Boo1_80 210.0691 14.5917 -0.79 0.37 -0.91 0.26 -0.06 101.0 2.3 "" "" "" "" "" "" "" "" "" 100.5 2.3 True "" "" "" "" "" "" "" "" "" "" "" "" "" False -0.6 "" False "" "" "" 1.0 True
1230847089123225856 Boo1_13 209.931 14.5773 0.93 0.77 -2.38 0.66 -0.36 100.9 1.6 "" "" "" "" "" "" "" "" "" 100.4 1.6 True -2.28 0.15 "" "" "" "" "" "" "" "" "" -2.28 0.15 True -0.2 "" False "" "" "" 1.0 True
1230848600951721472 Boo1_33 209.9655 14.5954 -0.81 0.24 -1.29 0.19 -0.2 100.7 0.7 "" "" "" "" "" "" "" "" "" 100.2 0.7 True -2.33 0.07 "" "" "" "" "" "" "" "" "" -2.33 0.07 True -0.4 "" False "" "" "" 1.0 True
1230848978908853248 Boo1_66 210.0361 14.6151 -0.86 0.78 -1.51 0.58 -0.12 103.4 2.2 "" "" "" "" "" "" "" "" "" 102.9 2.2 True -2.32 0.16 "" "" "" "" "" "" "" "" "" -2.32 0.16 True -0.6 "" False "" "" "" 1.0 True
1230849081988080640 Boo1_68 210.0442 14.6399 0.11 0.32 -1.19 0.24 -0.07 101.6 0.9 "" "" "" "" "" "" "" "" "" 101.1 0.9 True -2.37 0.09 "" "" "" "" "" "" "" "" "" -2.37 0.09 True -0.8 "" False "" "" "" 1.0 True
1230860798658865664 Boo1_95 210.1127 14.6418 0.12 0.4 -1.2 0.3 -0.13 108.2 3.3 "" "" "" "" "" "" "" "" "" 107.7 3.3 True "" "" "" "" "" "" "" "" "" "" "" "" "" False -0.9 "" False "" "" "" 1.0 True
1230860867378343424 Boo1_85 210.0921 14.6439 -0.06 0.33 -1.07 0.26 -0.16 99.8 2.3 "" "" "" "" "" "" "" "" "" 99.3 2.3 True "" "" "" "" "" "" "" "" "" "" "" "" "" False -0.9 "" False "" "" "" 1.0 True
"" Boo1_53 210.0041 14.5241 "" "" "" "" "" 108.3 4.3 "" "" "" "" "" "" "" "" "" 107.8 4.3 True -2.47 0.42 "" "" "" "" "" "" "" "" "" -2.47 0.42 True -0.0 "" False "" "" "" 1.0 True
1230832250011671040 Boo1_93 210.1107 14.4969 1.09 1.28 -1.18 1.09 -0.25 107.9 1.6 "" "" "" "" "" "" "" "" "" 107.4 1.6 True -2.38 0.23 "" "" "" "" "" "" "" "" "" -2.38 0.23 True -0.1 "" False "" "" "" 0.999 True
1230835097574485504 Boo1_71 210.051 14.4894 "" "" "" "" "" 99.7 2.6 "" "" "" "" "" "" "" "" "" 99.2 2.6 True -2.53 0.33 "" "" "" "" "" "" "" "" "" -2.53 0.33 True 0.1 "" False "" "" "" 0.999 True
1230848772750422272 Boo1_24 209.9506 14.6129 -1.07 0.96 -0.39 0.87 -0.55 104.9 1.8 "" "" "" "" "" "" "" "" "" 104.4 1.8 True -2.14 0.26 "" "" "" "" "" "" "" "" "" -2.14 0.26 True -0.4 "" False "" "" "" 0.999 True
"" Boo1_100 210.1206 14.4173 "" "" "" "" "" 101.8 5.3 "" "" "" "" "" "" "" "" "" 101.3 5.3 True -2.33 0.32 "" "" "" "" "" "" "" "" "" -2.33 0.32 True 0.4 "" False "" "" "" 0.999 True
"" Boo1_29 209.9615 14.5206 "" "" "" "" "" 95.2 4.5 "" "" "" "" "" "" "" "" "" 94.7 4.5 True -2.04 0.29 "" "" "" "" "" "" "" "" "" -2.04 0.29 True 0.1 "" False "" "" "" 0.999 True
"" Boo1_6 209.9067 14.4466 "" "" "" "" "" 103.1 4.0 "" "" "" "" "" "" "" "" "" 102.6 4.0 True -2.44 0.34 "" "" "" "" "" "" "" "" "" -2.44 0.34 True 0.6 "" False "" "" "" 0.998 True
1230784313881154048 Boo1_115 210.1982 14.4417 "" "" "" "" "" 98.7 2.3 "" "" "" "" "" "" "" "" "" 98.2 2.3 True -2.58 0.21 "" "" "" "" "" "" "" "" "" -2.58 0.21 True 0.1 "" False "" "" "" 0.997 True
1230830321570823168 Boo1_84 210.091 14.4315 -0.79 1.09 -0.35 0.97 0.03 90.0 2.2 "" "" "" "" "" "" "" "" "" 89.5 2.2 True -2.72 0.23 "" "" "" "" "" "" "" "" "" -2.72 0.23 True 0.3 "" False "" "" "" 0.997 True
1230835063214777856 Boo1_36 209.968 14.546 -0.87 0.66 -0.77 0.52 -0.24 100.5 1.9 "" "" "" "" "" "" "" "" "" 100.0 1.9 True -1.87 0.18 "" "" "" "" "" "" "" "" "" -1.87 0.18 True -0.1 "" False "" "" "" 0.997 True
"" Boo1_113 210.1704 14.5356 "" "" "" "" "" 112.6 6.0 "" "" "" "" "" "" "" "" "" 112.1 6.0 True "" "" "" "" "" "" "" "" "" "" "" "" "" False -0.4 "" False "" "" "" 0.997 True
1230833963703127552 Boo1_60 210.0128 14.5066 "" "" "" "" "" 105.3 2.6 "" "" "" "" "" "" "" "" "" 104.8 2.6 True -1.92 0.3 "" "" "" "" "" "" "" "" "" -1.92 0.3 True 0.1 "" False "" "" "" 0.996 True
1230872584049134080 Boo1_75 210.0611 14.6585 "" "" "" "" "" 101.5 3.2 "" "" "" "" "" "" "" "" "" 101.0 3.2 True -2.19 0.37 "" "" "" "" "" "" "" "" "" -2.19 0.37 True -0.9 "" False "" "" "" 0.996 True
"" Boo1_22 209.9461 14.4812 "" "" "" "" "" 104.0 3.6 "" "" "" "" "" "" "" "" "" 103.5 3.6 True -2.07 0.55 "" "" "" "" "" "" "" "" "" -2.07 0.55 False 0.3 "" False "" "" "" 0.996 True
1230836471964048896 Boo1_51 210.001 14.543 -0.45 0.58 -0.8 0.48 -0.24 110.0 1.4 "" "" "" "" "" "" "" "" "" 109.5 1.4 True -1.78 0.15 "" "" "" "" "" "" "" "" "" -1.78 0.15 True -0.1 "" False "" "" "" 0.994 True
1230850357593528320 Boo1_35 209.9671 14.6776 "" "" "" "" "" 92.5 2.3 "" "" "" "" "" "" "" "" "" 92.0 2.3 True "" "" "" "" "" "" "" "" "" "" "" "" "" False -0.9 "" False "" "" "" 0.994 True
1230846676806885120 Boo1_16 209.9373 14.5417 -1.29 0.74 -1.42 0.67 -0.38 104.5 1.5 "" "" "" "" "" "" "" "" "" 104.0 1.5 True -1.9 0.18 "" "" "" "" "" "" "" "" "" -1.9 0.18 True 0.0 "" False "" "" "" 0.993 True
"" Boo1_31 209.9628 14.5138 "" "" "" "" "" 105.2 5.2 "" "" "" "" "" "" "" "" "" 104.7 5.2 True "" "" "" "" "" "" "" "" "" "" "" "" "" False 0.1 "" False "" "" "" 0.993 True
"" Boo1_58 210.0095 14.4482 "" "" "" "" "" 109.5 5.2 "" "" "" "" "" "" "" "" "" 109.0 5.2 True "" "" "" "" "" "" "" "" "" "" "" "" "" False 0.4 "" False "" "" "" 0.993 True
"" Boo1_67 210.043 14.4407 "" "" "" "" "" 102.4 5.5 "" "" "" "" "" "" "" "" "" 101.9 5.5 True "" "" "" "" "" "" "" "" "" "" "" "" "" False 0.4 "" False "" "" "" 0.993 True
1230826988676907520 Boo1_17 209.9377 14.3909 -0.73 2.3 2.01 1.77 -0.31 103.2 2.8 "" "" "" "" "" "" "" "" "" 102.7 2.8 True -1.99 0.27 "" "" "" "" "" "" "" "" "" -1.99 0.27 True 0.9 "" False "" "" "" 0.991 True
"" Boo1_88 210.0974 14.5459 "" "" "" "" "" 98.2 6.0 "" "" "" "" "" "" "" "" "" 97.7 6.0 True "" "" "" "" "" "" "" "" "" "" "" "" "" False -0.3 "" False "" "" "" 0.987 True
"" Boo1_82 210.0858 14.6261 "" "" "" "" "" 104.8 6.3 "" "" "" "" "" "" "" "" "" 104.3 6.3 True "" "" "" "" "" "" "" "" "" "" "" "" "" False -0.8 "" False "" "" "" 0.986 True
1230849361161116160 Boo1_62 210.0145 14.6645 "" "" "" "" "" 106.0 5.4 "" "" "" "" "" "" "" "" "" 105.5 5.4 True "" "" "" "" "" "" "" "" "" "" "" "" "" False -0.9 "" False "" "" "" 0.985 True
"" Boo1_18 209.9405 14.4313 "" "" "" "" "" 99.4 7.1 "" "" "" "" "" "" "" "" "" 98.9 7.1 True "" "" "" "" "" "" "" "" "" "" "" "" "" False 0.6 "" False "" "" "" 0.984 True
"" Boo1_37 209.9709 14.3756 "" "" "" "" "" 102.5 7.8 "" "" "" "" "" "" "" "" "" 102.0 7.8 True "" "" "" "" "" "" "" "" "" "" "" "" "" False 0.9 "" False "" "" "" 0.983 True
1230829256419219712 Boo1_98 210.1183 14.3979 "" "" "" "" "" 100.5 3.9 "" "" "" "" "" "" "" "" "" 100.0 3.9 True -2.7 0.27 "" "" "" "" "" "" "" "" "" -2.7 0.27 True 0.5 "" False "" "" "" 0.98 True
1230830463305085184 Boo1_70 210.048 14.4322 "" "" "" "" "" 116.1 3.9 "" "" "" "" "" "" "" "" "" 115.6 3.9 True -2.48 0.93 "" "" "" "" "" "" "" "" "" -2.48 0.93 False 0.4 "" False "" "" "" 0.979 True
"" Boo1_78 210.0659 14.5797 "" "" "" "" "" 119.0 6.2 "" "" "" "" "" "" "" "" "" 118.5 6.2 True -2.93 0.38 "" "" "" "" "" "" "" "" "" -2.93 0.38 True -0.5 "" False "" "" "" 0.961 True
"" Boo1_9 209.9194 14.4533 "" "" "" "" "" 90.7 8.4 "" "" "" "" "" "" "" "" "" 90.2 8.4 True "" "" "" "" "" "" "" "" "" "" "" "" "" False 0.6 "" False "" "" "" 0.953 True
