tables/BooI_final_catalog.ecsv
# %ECSV 1.0
# ---
# datatype:
# - {name: gaia_id, datatype: int64}
# - {name: alt_id, datatype: string}
# - {name: RA, unit: deg, datatype: float64}
# - {name: Dec, unit: deg, datatype: float64}
# - {name: pmra, unit: mas / yr, datatype: float64}
# - {name: pmra_err, unit: mas / yr, datatype: float64}
# - {name: pmdec, unit: mas / yr, datatype: float64}
# - {name: pmdec_err, unit: mas / yr, datatype: float64}
# - {name: pmra_pmdec_corr, unit: '', datatype: float64}
# - {name: vel_avg, unit: km / s, datatype: float64}
# - {name: vel_err_avg, unit: km / s, datatype: float64}
# - {name: vel_s5, unit: km / s, datatype: float64}
# - {name: vel_err_s5, unit: km / s, datatype: float64}
# - {name: vel_q_s5, datatype: bool}
# - {name: vel_aat, unit: km / s, datatype: float64}
# - {name: vel_err_aat, unit: km / s, datatype: float64}
# - {name: vel_q_aat, datatype: bool}
# - {name: vel_mmt, unit: km / s, datatype: float64}
# - {name: vel_err_mmt, unit: km / s, datatype: float64}
# - {name: vel_q_mmt, datatype: bool}
# - {name: vel_vlt, unit: km / s, datatype: float64}
# - {name: vel_err_vlt, unit: km / s, datatype: float64}
# - {name: vel_q_vlt, datatype: bool}
# - {name: feh_avg, unit: dex, datatype: float64}
# - {name: feh_err_avg, unit: dex, datatype: float64}
# - {name: feh_s5, unit: dex, datatype: float64}
# - {name: feh_err_s5, unit: dex, datatype: float64}
# - {name: feh_q_s5, datatype: bool}
# - {name: feh_aat, unit: dex, datatype: float64}
# - {name: feh_err_aat, unit: dex, datatype: float64}
# - {name: feh_q_aat, datatype: bool}
# - {name: feh_mmt, unit: dex, datatype: float64}
# - {name: feh_err_mmt, unit: dex, datatype: float64}
# - {name: feh_q_mmt, datatype: bool}
# - {name: feh_vlt, unit: dex, datatype: float64}
# - {name: feh_err_vlt, unit: dex, datatype: float64}
# - {name: feh_q_vlt, datatype: bool}
# - {name: vel_persp_rot, unit: km / s, datatype: float64}
# - {name: log10_pval, unit: '', datatype: float64}
# - {name: binary, datatype: bool}
# - {name: mem_p_s5, unit: '', datatype: float64}
# - {name: mem_p_aat, unit: '', datatype: float64}
# - {name: mem_p_mmt, unit: '', datatype: float64}
# - {name: mem_p_vlt, unit: '', datatype: float64}
# - {name: member, datatype: bool}
# schema: astropy-2.0
gaia_id alt_id RA Dec pmra pmra_err pmdec pmdec_err pmra_pmdec_corr vel_avg vel_err_avg vel_s5 vel_err_s5 vel_q_s5 vel_aat vel_err_aat vel_q_aat vel_mmt vel_err_mmt vel_q_mmt vel_vlt vel_err_vlt vel_q_vlt feh_avg feh_err_avg feh_s5 feh_err_s5 feh_q_s5 feh_aat feh_err_aat feh_q_aat feh_mmt feh_err_mmt feh_q_mmt feh_vlt feh_err_vlt feh_q_vlt vel_persp_rot log10_pval binary mem_p_s5 mem_p_aat mem_p_mmt mem_p_vlt member
[from data line 151]
"" Boo1_117 210.2413 14.4817 "" "" "" "" "" 98.8 4.3 "" "" "" "" "" "" "" "" "" 98.3 4.3 True -2.05 0.37 "" "" "" "" "" "" "" "" "" -2.05 0.37 True -0.3 "" False "" "" "" 0.908 True
"" Boo1_2 209.8896 14.4727 "" "" "" "" "" 118.5 5.2 "" "" "" "" "" "" "" "" "" 118.0 5.2 True -3.14 0.31 "" "" "" "" "" "" "" "" "" -3.14 0.31 True 0.5 "" False "" "" "" 0.901 True
1230848807110164736 Boo1_42 209.9787 14.6209 -0.99 0.35 -0.38 0.31 -0.21 115.5 2.7 "" "" "" "" "" "" "" "" "" 115.0 2.7 True "" "" "" "" "" "" "" "" "" "" "" "" "" False -0.5 "" False "" "" "" 0.847 True
1230833517027065856 "" 209.9987 14.4594 -0.72 0.36 -0.53 0.3 -0.28 "" "" 87.6 9.3 False "" "" "" 10.8 1.5 False "" "" "" "" "" -3.27 0.43 False "" "" "" -2.04 1.15 False "" "" "" 0.4 "" False 0.694 "" 0.783 "" False
1230724424857621504 "" 209.6445 14.0995 -0.63 0.86 -0.83 0.74 -0.21 "" "" -48.6 9.4 False "" "" "" "" "" "" "" "" "" "" "" -2.79 0.64 False "" "" "" "" "" "" "" "" "" 3.2 "" False 0.672 "" "" "" False
1230741020611316224 "" 209.5182 14.222 -0.5 0.29 -0.49 0.23 0.1 "" "" 82.7 8.1 False "" "" "" "" "" "" "" "" "" "" "" -2.55 0.39 False "" "" "" "" "" "" "" "" "" 2.7 "" False 0.435 "" "" "" False
1230834135502357504 "" 209.947 14.4656 0.59 0.44 -0.84 0.28 0.02 "" "" 87.4 7.3 False "" "" "" "" "" "" "" "" "" "" "" -2.33 0.43 False "" "" "" "" "" "" "" "" "" 0.4 "" False 0.395 "" "" "" False
1230725008973197312 "" 209.7157 14.1396 -1.83 0.8 -0.05 0.68 -0.45 "" "" 88.4 5.9 False "" "" "" "" "" "" "" "" "" "" "" -1.82 0.54 False "" "" "" "" "" "" "" "" "" 2.8 "" False 0.293 "" "" "" False
1230716285894281216 "" 209.5215 13.9959 -0.77 0.72 -2.32 0.58 -0.08 "" "" 155.1 9.6 False "" "" "" "" "" "" "" "" "" "" "" -1.75 0.5 False "" "" "" "" "" "" "" "" "" 4.0 "" False 0.206 "" "" "" False
1229890861899970048 "" 210.1306 13.5655 -0.02 0.5 -2.15 0.38 -0.26 "" "" -17.2 25.1 False "" "" "" "" "" "" "" "" "" "" "" -2.5 0.42 False "" "" "" "" "" "" "" "" "" 5.3 "" False 0.121 "" "" "" False
1230776376781505536 "" 210.2772 14.2416 0.23 0.3 -1.53 0.26 -0.08 84.7 4.5 84.7 4.5 True "" "" "" "" "" "" "" "" "" "" "" -1.87 0.32 False "" "" "" "" "" "" "" "" "" 1.1 "" False 0.092 "" "" "" False
1230669277477447680 "" 209.6706 13.9396 -1.71 0.54 -1.75 0.37 -0.02 "" "" 36.6 20.2 False "" "" "" "" "" "" "" "" "" "" "" -2.52 0.54 False "" "" "" "" "" "" "" "" "" 4.1 "" False 0.059 "" "" "" False
1229998300506922496 "" 210.3577 13.8857 -0.3 0.54 -1.25 0.36 0.13 121.8 4.2 121.8 4.2 True "" "" "" "" "" "" "" "" "" -1.56 0.24 -1.56 0.24 True "" "" "" "" "" "" "" "" "" 3.0 "" False 0.006 "" "" "" False
1231109842338038528 "" 209.1811 15.0621 -0.91 0.4 -1.79 0.32 -0.13 108.4 8.5 108.4 8.5 True "" "" "" "" "" "" "" "" "" -1.39 0.27 -1.39 0.27 True "" "" "" "" "" "" "" "" "" -1.5 "" False 0.005 "" "" "" False
1230784520039483904 "" 210.5818 14.1788 -1.28 0.39 -0.73 0.28 -0.26 "" "" -113.1 3.8 False -105.1 2.6 False "" "" "" "" "" "" "" "" -1.52 0.2 False -1.41 0.17 False "" "" "" "" "" "" 0.8 -1.2 True 0.004 0.025 "" "" False
1231040293934282240 "" 209.7749 14.7039 -0.33 0.17 -0.7 0.14 -0.08 69.0 7.1 69.0 7.1 True "" "" "" "" "" "" "" "" "" -1.93 0.27 -1.93 0.27 True "" "" "" "" "" "" "" "" "" -0.6 "" False 0.001 "" "" "" False
1230764041635416576 "" 210.2807 14.1798 -0.79 0.25 -1.33 0.21 -0.11 131.3 0.9 133.6 4.8 True 127.0 4.1 True 131.5 0.9 True "" "" "" -1.77 0.15 -1.78 0.22 True -1.73 0.23 True -1.86 0.38 True "" "" "" 1.4 -0.1 False 0.0 0.002 0.0 "" False
1230849734823103744 "" 209.8986 14.6264 -1.0 0.32 -0.57 0.28 -0.18 -20.6 1.4 -22.0 2.9 True -18.0 2.6 True -21.6 2.1 True "" "" "" -1.11 0.15 -1.3 0.19 True -0.82 0.27 True -0.8 0.6 True "" "" "" -0.4 -0.2 False 0.0 0.0 0.0 "" False
1230659588031211008 "" 210.0559 13.9132 -0.45 0.31 -0.78 0.24 -0.03 -197.1 1.7 -197.4 1.9 True -195.1 4.4 True "" "" "" "" "" "" -1.48 0.1 -1.42 0.12 True -1.62 0.19 True "" "" "" "" "" "" 3.4 -0.2 False 0.0 0.0 "" "" False
1231118153099575808 "" 209.3075 15.1931 -0.21 0.26 -0.88 0.21 -0.27 "" "" -97.6 6.3 False -114.7 3.6 False "" "" "" "" "" "" "" "" -2.03 0.41 False -1.69 0.25 False "" "" "" "" "" "" -2.6 -1.7 True 0.0 0.0 "" "" False
1230809774447356928 "" 210.4511 14.577 -1.05 0.45 -1.22 0.32 -0.09 "" "" -49.7 7.1 False "" "" "" -72.7 2.5 False "" "" "" "" "" -2.51 0.39 False "" "" "" -3.05 0.64 False "" "" "" -1.3 -2.7 True 0.0 "" 0.0 "" False
1230851246652121600 "" 209.8487 14.6247 -0.3 0.27 -0.69 0.22 -0.15 -42.3 0.5 -44.7 2.2 True "" "" "" -42.1 0.6 True "" "" "" -1.28 0.13 -1.32 0.15 True "" "" "" -1.17 0.24 True "" "" "" -0.3 -0.2 False 0.0 "" 0.0 "" False
1229892167569866496 "" 209.981 13.5288 -0.58 0.71 -1.56 0.47 0.1 -195.3 5.9 -195.3 5.9 True "" "" "" "" "" "" "" "" "" -1.5 0.25 -1.5 0.25 True "" "" "" "" "" "" "" "" "" 5.8 "" False 0.0 "" "" "" False
1229898829064321024 "" 210.319 13.6952 0.34 0.63 -0.24 0.45 -0.22 57.6 4.7 57.6 4.7 True "" "" "" "" "" "" "" "" "" "" "" -1.38 0.41 False "" "" "" "" "" "" "" "" "" 4.2 "" False 0.0 "" "" "" False
1230005451627016704 "" 210.6185 14.0404 -3.12 1.01 -0.51 0.58 0.01 -176.5 5.9 -176.5 5.9 True "" "" "" "" "" "" "" "" "" -2.15 0.45 -2.15 0.45 True "" "" "" "" "" "" "" "" "" 1.5 "" False 0.0 "" "" "" False
1230008608428331264 "" 210.5529 14.0493 -0.76 0.25 -0.74 0.17 -0.04 -46.7 2.7 -46.7 2.7 True "" "" "" "" "" "" "" "" "" -1.41 0.15 -1.41 0.15 True "" "" "" "" "" "" "" "" "" 1.6 "" False 0.0 "" "" "" False
1230669621074836480 "" 209.7072 13.9489 -1.13 0.41 -0.84 0.3 0.01 -24.9 4.7 -24.9 4.7 True "" "" "" "" "" "" "" "" "" -1.1 0.22 -1.1 0.22 True "" "" "" "" "" "" "" "" "" 3.9 "" False 0.0 "" "" "" False
1230673057051405312 "" 210.0316 14.0027 -1.11 0.44 -0.72 0.35 -0.22 15.3 0.8 15.3 0.8 True "" "" "" "" "" "" "" "" "" "" "" -0.53 0.02 False "" "" "" "" "" "" "" "" "" 3.0 "" False 0.0 "" "" "" False
1230752810296524800 "" 210.3134 14.0185 -0.84 0.54 -1.21 0.4 -0.01 -118.1 4.1 -118.1 4.1 True "" "" "" "" "" "" "" "" "" -0.71 0.2 -0.71 0.2 True "" "" "" "" "" "" "" "" "" 2.3 "" False 0.0 "" "" "" False
1230796683386819584 "" 210.7991 14.4577 -0.83 0.53 -0.78 0.37 -0.05 -48.2 3.6 -48.2 3.6 True "" "" "" "" "" "" "" "" "" -1.36 0.26 -1.36 0.26 True "" "" "" "" "" "" "" "" "" -1.3 "" False 0.0 "" "" "" False
1230859355549817856 "" 210.1298 14.571 -1.5 0.48 -0.1 0.34 -0.15 -62.0 4.8 -62.0 4.8 True "" "" "" "" "" "" "" "" "" -1.4 0.29 -1.4 0.29 True "" "" "" "" "" "" "" "" "" -0.6 "" False 0.0 "" "" "" False
1230931098683636224 "" 209.012 14.3167 -0.74 0.23 -1.1 0.18 -0.22 -60.0 2.3 -60.0 2.3 True "" "" "" "" "" "" "" "" "" -1.47 0.17 -1.47 0.17 True "" "" "" "" "" "" "" "" "" 3.2 "" False 0.0 "" "" "" False
1230959067510863872 "" 209.2029 14.6945 -0.7 0.4 -1.44 0.25 0.13 -39.0 8.5 -39.0 8.5 True "" "" "" "" "" "" "" "" "" -1.44 0.26 -1.44 0.26 True "" "" "" "" "" "" "" "" "" 0.6 "" False 0.0 "" "" "" False
1231034177898783744 "" 209.5663 14.607 -0.24 0.28 -1.63 0.25 -0.33 154.7 6.7 154.7 6.7 True "" "" "" "" "" "" "" "" "" "" "" -1.41 0.4 False "" "" "" "" "" "" "" "" "" 0.4 "" False 0.0 "" "" "" False
1231061734409044736 "" 209.4746 14.893 -0.31 0.29 -0.37 0.31 -0.17 144.5 2.6 144.5 2.6 True "" "" "" "" "" "" "" "" "" "" "" -1.85 0.22 False "" "" "" "" "" "" "" "" "" -1.1 "" False 0.0 "" "" "" False
1231118565417214464 "" 209.3193 15.2067 -0.99 0.46 -0.74 0.37 -0.09 -14.1 1.9 -14.1 1.9 True "" "" "" "" "" "" "" "" "" "" "" -0.23 0.04 False "" "" "" "" "" "" "" "" "" -2.7 "" False 0.0 "" "" "" False
1231252808914184960 "" 210.7647 15.0772 0.08 0.38 -1.51 0.34 -0.25 43.4 5.5 43.4 5.5 True "" "" "" "" "" "" "" "" "" -2.09 0.33 -2.09 0.33 True "" "" "" "" "" "" "" "" "" -4.8 "" False 0.0 "" "" "" False
1231264804757885952 "" 210.3266 15.096 -1.03 0.56 -1.37 0.45 -0.12 -46.4 4.3 -46.4 4.3 True "" "" "" "" "" "" "" "" "" -0.96 0.29 -0.96 0.29 True "" "" "" "" "" "" "" "" "" -4.0 "" False 0.0 "" "" "" False
1231266999486168064 "" 210.4194 15.1684 -0.93 0.4 -0.8 0.31 -0.18 -51.4 3.5 -51.4 3.5 True "" "" "" "" "" "" "" "" "" -1.48 0.24 -1.48 0.24 True "" "" "" "" "" "" "" "" "" -4.7 "" False 0.0 "" "" "" False
1231068881234192640 "" 210.034 14.9235 0.43 0.54 -1.19 0.41 -0.28 "" "" "" "" "" 118.0 5.2 False "" "" "" "" "" "" "" "" "" "" "" -3.04 0.52 False "" "" "" "" "" "" -2.4 "" False "" 0.73 "" "" False
1230882273495441408 "" 210.293 14.8789 -0.48 0.39 -1.68 0.31 -0.25 "" "" "" "" "" 109.1 16.8 False "" "" "" "" "" "" "" "" "" "" "" -1.24 0.59 False "" "" "" "" "" "" -2.7 "" False "" 0.598 "" "" False
1230828156907873792 "" 209.8949 14.4317 -0.99 0.4 -1.6 0.31 -0.22 "" "" "" "" "" 103.8 43.5 False "" "" "" "" "" "" "" "" "" "" "" -3.64 0.44 False "" "" "" "" "" "" 0.7 "" False "" 0.34 "" "" False
1230740195977617920 "" 209.3646 14.2841 -1.17 0.62 -2.26 0.44 -0.0 87.9 7.7 "" "" "" 87.9 7.7 True "" "" "" "" "" "" -3.59 0.26 "" "" "" -3.59 0.26 True "" "" "" "" "" "" 2.7 "" False "" 0.228 "" "" False
1230678554606910976 "" 209.9088 14.1195 -1.93 0.58 -2.08 0.49 -0.27 160.4 4.2 "" "" "" 160.4 4.2 True "" "" "" "" "" "" -1.73 0.25 "" "" "" -1.73 0.25 True "" "" "" "" "" "" 2.5 "" False "" 0.0 "" "" False
1230800948290008576 "" 210.7867 14.5748 -0.54 0.03 -1.05 0.03 -0.22 -30.4 0.7 "" "" "" -30.4 0.7 True "" "" "" "" "" "" -0.79 0.02 "" "" "" -0.79 0.02 True "" "" "" "" "" "" -1.9 "" False "" 0.0 "" "" False
1231082625129630208 "" 210.0387 15.1601 -0.89 0.48 -0.61 0.35 -0.28 -530.4 2.8 "" "" "" -530.4 2.8 True "" "" "" "" "" "" -3.55 0.43 "" "" "" -3.55 0.43 True "" "" "" "" "" "" -3.8 "" False "" 0.0 "" "" False
1231150313814820864 "" 209.6762 15.4002 -1.26 0.36 -1.85 0.28 -0.04 -35.2 4.2 "" "" "" -35.2 4.2 True "" "" "" "" "" "" "" "" "" "" "" -1.05 0.21 False "" "" "" "" "" "" -4.5 "" False "" 0.0 "" "" False
1230835681690064128 "" 210.1137 14.5388 -0.86 0.44 -1.03 0.31 -0.07 "" "" "" "" "" "" "" "" 25.1 0.8 False "" "" "" "" "" "" "" "" "" "" "" -1.14 0.45 False "" "" "" -0.3 -999.0 True "" "" 0.44 "" False
1230835131934224384 "" 210.0693 14.4904 2.17 2.45 -0.01 2.02 -0.12 "" "" "" "" "" "" "" "" 5.6 1.2 False "" "" "" "" "" "" "" "" "" "" "" -0.96 0.66 False "" "" "" 0.0 -270.1 True "" "" 0.03 "" False
1230833963703127808 "" 210.0222 14.5065 -1.81 1.13 -0.79 0.85 -0.36 "" "" "" "" "" "" "" "" 6.6 0.9 False "" "" "" "" "" "" "" "" "" "" "" -0.59 0.38 False "" "" "" 0.0 -999.0 True "" "" 0.005 "" False
1230836059647199744 "" 210.1048 14.563 -1.02 0.79 -1.15 0.64 -0.25 "" "" "" "" "" "" "" "" 6.3 0.7 False "" "" "" "" "" "" "" "" "" "" "" -0.43 0.35 False "" "" "" -0.5 -999.0 True "" "" 0.002 "" False
1230873924078955008 "" 209.9767 14.7123 -1.2 2.1 1.19 1.13 -0.13 "" "" "" "" "" "" "" "" 4.8 1.6 False "" "" "" "" "" "" "" "" "" "" "" -0.37 0.54 False "" "" "" -1.1 -65.9 True "" "" 0.001 "" False
1230769882791510528 "" 210.2049 14.1643 -0.01 1.34 -2.68 1.37 -0.32 -115.9 3.2 "" "" "" "" "" "" -115.9 3.2 True "" "" "" -1.12 1.13 "" "" "" "" "" "" -1.12 1.13 True "" "" "" 1.7 "" False "" "" 0.0 "" False
1230805651278706176 "" 210.4771 14.4947 -0.76 0.3 -0.65 0.25 -0.29 32.6 0.6 "" "" "" "" "" "" 32.6 0.6 True "" "" "" "" "" "" "" "" "" "" "" -0.54 0.25 False "" "" "" -0.8 "" False "" "" 0.0 "" False
1230810599081088768 "" 210.4394 14.6001 0.08 0.24 -1.24 0.18 -0.03 -6.1 1.0 "" "" "" "" "" "" -6.1 1.0 True "" "" "" -0.62 0.2 "" "" "" "" "" "" -0.62 0.2 True "" "" "" -1.4 "" False "" "" 0.0 "" False
1230825820445635584 "" 209.7881 14.3438 -1.41 0.68 -2.06 0.58 -0.42 54.4 2.2 "" "" "" "" "" "" 54.4 2.2 True "" "" "" -1.82 0.94 "" "" "" "" "" "" -1.82 0.94 True "" "" "" 1.5 "" False "" "" 0.0 "" False
1230857465764224256 "" 210.3098 14.6025 -0.47 0.51 -0.79 0.32 0.15 5.4 2.0 "" "" "" "" "" "" 5.4 2.0 True "" "" "" "" "" "" "" "" "" "" "" -1.56 1.1 False "" "" "" -1.1 "" False "" "" 0.0 "" False
1230861142257868032 "" 210.1639 14.6697 0.28 0.55 -0.77 0.52 -0.28 2.5 0.8 "" "" "" "" "" "" 2.5 0.8 True "" "" "" -0.45 0.36 "" "" "" "" "" "" -0.45 0.36 True "" "" "" -1.2 "" False "" "" 0.0 "" False
1230864990546977792 "" 210.3769 14.707 -0.68 0.65 -0.68 0.41 -0.02 7.3 0.9 "" "" "" "" "" "" 7.3 0.9 True "" "" "" -0.02 0.41 "" "" "" "" "" "" -0.02 0.41 True "" "" "" -1.9 "" False "" "" 0.0 "" False
1230875435907474176 "" 210.1976 14.784 -1.28 0.76 0.02 0.67 -0.44 6.0 0.8 "" "" "" "" "" "" 6.0 0.8 True "" "" "" -0.78 0.42 "" "" "" "" "" "" -0.78 0.42 True "" "" "" -2.0 "" False "" "" 0.0 "" False
1230877909808645120 "" 209.9977 14.8025 1.21 1.01 0.52 0.88 -0.15 6.3 0.8 "" "" "" "" "" "" 6.3 0.8 True "" "" "" -0.23 0.39 "" "" "" "" "" "" -0.23 0.39 True "" "" "" -1.7 "" False "" "" 0.0 "" False
